4 0.9003868471953579 0.5130434782608696 0.14168278529980657 0.22536231884057972
4 0.9047388781431335 0.6978260869565217 0.140715667311412 0.22028985507246376
4 0.8844294003868471 0.8942028985507247 0.097678916827853 0.15434782608695652
4 0.7799806576402321 0.36594202898550726 0.1513539651837524 0.2217391304347826
6 0.4144100580270793 0.3782608695652174 0.13588007736943908 0.1282608695652174
6 0.4134429400386847 0.5608695652173913 0.16344294003868473 0.15072463768115943
6 0.3916827852998066 0.7007246376811594 0.13346228239845262 0.10072463768115943
6 0.4047388781431335 0.9007246376811594 0.1823017408123791 0.14202898550724638
2 0.23597678916827852 0.4043478260869565 0.13926499032882012 0.06884057971014493
2 0.2374274661508704 0.5746376811594203 0.1387814313346228 0.06304347826086956
2 0.2432301740812379 0.7 0.13781431334622823 0.08260869565217391
2 0.24032882011605416 0.8920289855072464 0.1344294003868472 0.06086956521739131
0 0.09429400386847195 0.3521739130434783 0.12524177949709864 0.05652173913043478
0 0.07156673114119923 0.5427536231884058 0.10783365570599614 0.11666666666666667
0 0.09381044487427466 0.6992753623188406 0.13346228239845262 0.15579710144927536
0 0.086073500967118 0.8985507246376812 0.14845261121856868 0.15507246376811595