4 0.8795938104448743 0.3855072463768116 0.14796905222437137 0.21811594202898552
4 0.8882978723404256 0.5471014492753623 0.14990328820116053 0.21304347826086956
4 0.8660541586073501 0.7188405797101449 0.14603481624758222 0.21594202898550724
1 0.097678916827853 0.4036231884057971 0.08945841392649903 0.043478260869565216
7 0.09671179883945841 0.5463768115942029 0.10444874274661509 0.06376811594202898
3 0.09912959381044488 0.6978260869565217 0.07640232108317214 0.04420289855072464
6 0.7229206963249516 0.4072463768115942 0.14748549323017407 0.11376811594202899
6 0.7224371373307543 0.5608695652173913 0.14748549323017407 0.10144927536231885
6 0.723404255319149 0.7072463768115942 0.14119922630560927 0.0891304347826087
2 0.2437137330754352 0.4028985507246377 0.11411992263056092 0.0644927536231884
2 0.24177949709864605 0.5514492753623188 0.11605415860735009 0.05507246376811594
2 0.2441972920696325 0.7021739130434783 0.12427466150870406 0.057971014492753624