4 0.8781431334622823 0.3188405797101449 0.11992263056092843 0.1681159420289855
4 0.875725338491296 0.4398550724637681 0.14410058027079303 0.21594202898550724
4 0.9110251450676983 0.6826086956521739 0.1455512572533849 0.2144927536231884
6 0.40425531914893614 0.3007246376811594 0.1450676982591876 0.16956521739130434
6 0.41295938104448743 0.4826086956521739 0.17408123791102514 0.14130434782608695
6 0.4158607350096712 0.672463768115942 0.17746615087040618 0.1427536231884058
0 0.09719535783365571 0.3210144927536232 0.12669245647969052 0.09202898550724638
0 0.09429400386847195 0.48478260869565215 0.14216634429400388 0.17681159420289855
0 0.08945841392649903 0.6630434782608695 0.1339458413926499 0.14782608695652175
2 0.23887814313346228 0.36231884057971014 0.1528046421663443 0.0536231884057971
2 0.25338491295938104 0.4905797101449275 0.12234042553191489 0.07391304347826087
2 0.24903288201160542 0.6623188405797101 0.12524177949709864 0.07971014492753623