4 0.9148936170212766 0.2985507246376812 0.14893617021276595 0.22536231884057972
4 0.8660541586073501 0.5 0.1465183752417795 0.2246376811594203
4 0.8820116054158608 0.7427536231884058 0.14748549323017407 0.21956521739130436
4 0.8921663442940039 0.8913043478260869 0.09961315280464217 0.1144927536231884
6 0.3757253384912959 0.3442028985507246 0.17891682785299806 0.13768115942028986
6 0.390715667311412 0.5152173913043478 0.1764990328820116 0.14057971014492754
6 0.38684719535783363 0.7231884057971014 0.17794970986460348 0.13768115942028986
6 0.3902321083172147 0.8956521739130435 0.17553191489361702 0.14855072463768115
2 0.2263056092843327 0.34130434782608693 0.14119922630560927 0.06666666666666667
2 0.22582205029013538 0.5239130434782608 0.1286266924564797 0.07971014492753623
2 0.22243713733075435 0.7065217391304348 0.1281431334622824 0.07898550724637682
2 0.2253384912959381 0.8804347826086957 0.12959381044487428 0.06594202898550725
0 0.07446808510638298 0.33695652173913043 0.11411992263056092 0.12608695652173912
7 0.0851063829787234 0.5195652173913043 0.08462282398452611 0.13333333333333333
0 0.08172147001934237 0.6971014492753623 0.13104448742746616 0.15289855072463768
0 0.0797872340425532 0.8934782608695652 0.13636363636363635 0.12971014492753624