4 0.8723404255319149 0.3181159420289855 0.12234042553191489 0.16594202898550725
4 0.8704061895551257 0.49927536231884057 0.11460348162475822 0.17681159420289855
4 0.8805609284332688 0.6478260869565218 0.15038684719535783 0.22318840579710145
4 0.8771760154738878 0.863768115942029 0.15038684719535783 0.22536231884057972
6 0.41247582205029015 0.31956521739130433 0.14410058027079303 0.15289855072463768
6 0.40764023210831724 0.4956521739130435 0.14990328820116053 0.18405797101449275
6 0.40667311411992263 0.6760869565217391 0.1465183752417795 0.17028985507246377
6 0.41150870406189555 0.8623188405797102 0.14216634429400388 0.186231884057971
2 0.24903288201160542 0.34492753623188405 0.15570599613152805 0.07318840579710145
2 0.2548355899419729 0.5507246376811594 0.16150870406189555 0.06739130434782609
2 0.26063829787234044 0.6739130434782609 0.14845261121856868 0.08043478260869565
2 0.2562862669245648 0.8760869565217392 0.13539651837524178 0.08115942028985507
0 0.09332688588007737 0.33695652173913043 0.1155705996131528 0.09782608695652174
0 0.10251450676982592 0.5 0.11798839458413926 0.1072463768115942
7 0.10154738878143134 0.6702898550724637 0.14941972920696325 0.08405797101449275
0 0.10735009671179883 0.8543478260869565 0.15232108317214701 0.1492753623188406