6 0.4028046421663443 0.3 0.14264990328820115 0.08333333333333333
6 0.4047388781431335 0.48840579710144927 0.1455512572533849 0.17898550724637682
6 0.41150870406189555 0.6681159420289855 0.17311411992263057 0.14057971014492754
6 0.4148936170212766 0.8471014492753624 0.17263056092843326 0.13840579710144926
4 0.8733075435203095 0.2985507246376812 0.1465183752417795 0.2246376811594203
4 0.8728239845261122 0.4782608695652174 0.14603481624758222 0.22536231884057972
4 0.8399419729206963 0.6601449275362319 0.14990328820116053 0.21956521739130436
4 0.8800773694390716 0.8463768115942029 0.14893617021276595 0.22028985507246376
2 0.24661508704061896 0.35 0.1513539651837524 0.0644927536231884
2 0.2538684719535783 0.49492753623188407 0.14990328820116053 0.07536231884057971
2 0.24661508704061896 0.6717391304347826 0.1513539651837524 0.07391304347826087
2 0.24806576402321084 0.8478260869565217 0.16102514506769827 0.08043478260869565
0 0.06141199226305609 0.3101449275362319 0.10106382978723404 0.11231884057971014
0 0.0913926499032882 0.49420289855072463 0.1595744680851064 0.15869565217391304
0 0.08897485493230174 0.6623188405797101 0.1470019342359768 0.14855072463768115
0 0.097678916827853 0.8355072463768116 0.1470019342359768 0.15869565217391304