4 0.8554158607350096 0.28840579710144926 0.12040618955512572 0.17391304347826086
4 0.8607350096711799 0.46304347826086956 0.11798839458413926 0.16956521739130434
4 0.8588007736943907 0.6579710144927536 0.1465183752417795 0.2246376811594203
4 0.8631528046421664 0.8710144927536232 0.14990328820116053 0.2144927536231884
6 0.3882978723404255 0.3130434782608696 0.14603481624758222 0.17898550724637682
6 0.39119922630560927 0.48840579710144927 0.14796905222437137 0.16956521739130434
6 0.3984526112185687 0.6760869565217391 0.13974854932301742 0.16521739130434782
6 0.39990328820116056 0.8644927536231884 0.17891682785299806 0.14347826086956522
2 0.24661508704061896 0.31956521739130433 0.1513539651837524 0.09927536231884058
2 0.2311411992263056 0.5413043478260869 0.172147001934236 0.08188405797101449
2 0.2524177949709865 0.6768115942028986 0.15667311411992263 0.0644927536231884
2 0.24129593810444874 0.8666666666666667 0.13829787234042554 0.06956521739130435
0 0.07640232108317214 0.3036231884057971 0.14603481624758222 0.15942028985507245
0 0.08075435203094777 0.4971014492753623 0.12911025145067698 0.1
7 0.08897485493230174 0.6753623188405797 0.1653771760154739 0.10942028985507246
0 0.09187620889748549 0.8442028985507246 0.1644100580270793 0.1746376811594203