4 0.8713733075435203 0.2898550724637681 0.1450676982591876 0.22536231884057972
4 0.8766924564796905 0.4797101449275362 0.1513539651837524 0.2326086956521739
4 0.8810444874274661 0.6528985507246376 0.11605415860735009 0.1644927536231884
4 0.8805609284332688 0.8543478260869565 0.11750483558994197 0.16666666666666666
6 0.4148936170212766 0.2942028985507246 0.1784332688588008 0.13043478260869565
6 0.4211798839458414 0.4601449275362319 0.17891682785299806 0.1471014492753623
6 0.4095744680851064 0.6811594202898551 0.1518375241779497 0.16594202898550725
6 0.40522243713733075 0.868840579710145 0.1470019342359768 0.17898550724637682
7 0.08123791102514506 0.26956521739130435 0.08945841392649903 0.0891304347826087
3 0.09429400386847195 0.4420289855072464 0.12717601547388782 0.0463768115942029
0 0.08752417794970986 0.6847826086956522 0.1155705996131528 0.08405797101449275
0 0.09961315280464217 0.855072463768116 0.11170212765957446 0.08768115942028985
2 0.24516441005802708 0.27898550724637683 0.1455512572533849 0.05579710144927536
2 0.24903288201160542 0.4543478260869565 0.1387814313346228 0.06666666666666667
2 0.2567698259187621 0.6797101449275362 0.13201160541586074 0.059420289855072465
2 0.24516441005802708 0.8833333333333333 0.14603481624758222 0.042753623188405795