4 0.9177949709864603 0.32608695652173914 0.13926499032882012 0.21884057971014492
4 0.8936170212765957 0.518840579710145 0.13926499032882012 0.22246376811594204
4 0.9032882011605415 0.7043478260869566 0.14893617021276595 0.23333333333333334
4 0.8950676982591876 0.9036231884057971 0.1518375241779497 0.1927536231884058
6 0.3965183752417795 0.3521739130434783 0.17794970986460348 0.1398550724637681
6 0.39893617021276595 0.5079710144927536 0.17940038684719536 0.1746376811594203
6 0.390715667311412 0.6847826086956522 0.17940038684719536 0.14492753623188406
6 0.39361702127659576 0.8818840579710145 0.17794970986460348 0.1492753623188406
5 0.10058027079303675 0.32463768115942027 0.16199226305609285 0.17101449275362318
5 0.08317214700193423 0.5311594202898551 0.1470019342359768 0.16304347826086957
7 0.08123791102514506 0.6855072463768116 0.09671179883945841 0.12318840579710146
5 0.097678916827853 0.8884057971014493 0.1706963249516441 0.16376811594202897
2 0.23452611218568664 0.3398550724637681 0.13636363636363635 0.06666666666666667
2 0.2311411992263056 0.5166666666666667 0.13781431334622823 0.07173913043478261
2 0.23500967117988394 0.6869565217391305 0.13781431334622823 0.06594202898550725
2 0.23452611218568664 0.8797101449275362 0.13007736943907156 0.06159420289855073