4 0.8636363636363636 0.26159420289855073 0.13684719535783366 0.2246376811594203
4 0.8607350096711799 0.5072463768115942 0.14796905222437137 0.21811594202898552
4 0.8520309477756286 0.677536231884058 0.14941972920696325 0.213768115942029
2 0.24468085106382978 0.3036231884057971 0.1576402321083172 0.07681159420289856
2 0.24709864603481624 0.5130434782608696 0.1590909090909091 0.09347826086956522
2 0.24854932301740812 0.6978260869565217 0.1518375241779497 0.08695652173913043
7 0.08849129593810445 0.3188405797101449 0.09332688588007737 0.16521739130434782
0 0.09574468085106383 0.4927536231884058 0.13974854932301742 0.16666666666666666
0 0.09671179883945841 0.6826086956521739 0.15473887814313347 0.17173913043478262
6 0.3955512572533849 0.3239130434782609 0.13152804642166344 0.13840579710144926
6 0.3897485493230174 0.5 0.17988394584139264 0.1355072463768116
6 0.4158607350096712 0.6768115942028986 0.1784332688588008 0.15797101449275364